"ID" "Prediction"
3 216382.076583504
9 143677.7570467
11 127457.682373878
12 287785.279893524
13 116381.411959219
14 240108.759766841
16 116923.355019372
18 125905.977075863
19 179222.237515945
20 133546.366263461
21 304558.637236582
23 240891.036194932
31 106296.472525219
33 186991.557277269
34 164753.104211653
37 173537.362698146
40 88999.3325166819
42 137700.969206204
47 271551.119012792
49 114650.271538353
52 109514.858704265
60 115896.737389832
61 182432.058623538
71 247029.861318805
78 135278.175627067
81 190781.966639851
86 251186.193832578
95 213195.582276486
98 124812.320495485
101 203019.514002317
106 242531.70637357
117 123953.412402098
121 133730.953035461
125 189864.301463422
126 85592.8547113168
128 78707.3106546779
131 188710.299625109
134 184729.994189062
137 136913.174990053
138 259381.563382
144 208952.296758196
145 182706.475708907
152 270373.930266567
167 190879.574905217
171 123457.485865386
172 160380.541588843
174 151523.074545737
176 221261.540395406
181 180667.353576828
185 113146.196088068
189 156298.38291435
191 224756.528702477
192 170254.933935
195 117513.118003164
196 154999.666883029
200 264928.863575139
203 112436.595055463
204 149194.716535543
209 214639.269930821
216 152937.122265639
218 104456.045663155
225 377988.062859729
234 123625.307382056
242 100097.967220738
252 227511.112195892
256 237680.221412729
260 95400.2478888153
261 167751.966513939
264 137291.982313082
266 180647.159429298
270 145323.257400696
273 272125.063789779
282 194431.5142406
297 130414.024455748
304 131097.306011486
313 113004.54657547
323 290073.599063627
337 276069.696034823
342 100617.772534183
349 193446.677196018
357 160218.02072696
360 225817.664235704
361 133315.058661502
363 203433.803604193
368 139089.801376962
371 196178.755084466
373 119197.668602597
376 77891.1013585546
383 226194.699230892
384 93209.5315025786
386 183423.609729452
392 221365.622187331
395 102764.001827832
402 185869.023927875
411 135095.573824407
412 129351.562931472
416 190579.075263209
422 205110.901499114
424 313095.428594431
431 114436.191690969
435 93944.8680289767
438 115395.258801391
442 121398.841155139
443 152781.369093998
448 206326.698327654
450 126997.906675009
452 183693.698943601
454 211293.22687977
458 186642.724771509
461 229868.068237255
462 133785.628267573
466 192895.503446231
470 190591.110573444
485 134873.963462989
489 160087.909540316
492 124480.545608156
495 107041.503447794
501 128548.348993143
504 200736.888693078
509 140905.02036926
511 149083.073986042
512 196958.411859899
514 150293.639418528
515 90711.9203339599
518 293735.577964563
520 186775.824479181
526 185255.407631503
529 82371.6441437378
530 245509.663247533
536 105902.229479588
541 274519.054564357
542 258003.156353512
551 141816.036365206
553 272448.128459056
554 118824.494714114
571 183045.77976679
576 116597.055326973
577 116538.709973879
584 224707.651625179
588 133025.534490508
593 159054.152895051
599 193170.106655659
600 161413.066623969
601 246292.719718201
609 265805.622191434
612 146576.191560151
613 228334.044224919
614 155506.40585725
616 128925.478286722
621 76419.3937366371
624 179897.995978539
628 150750.359187556
636 224540.57547134
639 72760.7451925894
640 229579.972771985
641 217816.439526913
642 234178.46935894
646 135897.568061267
650 92508.3689987698
651 207993.447064045
652 122959.282044497
653 196298.444173719
654 127188.96101423
660 182711.989076896
664 151615.205826337
681 126408.441166074
684 239968.050899324
687 217876.32824463
696 161396.402659825
698 117695.662365908
699 134904.007909223
704 132802.744357417
706 77300.4250452551
708 198702.210414913
713 166053.791319634
716 154706.416358499
720 122581.987021515
725 259506.192726199
731 218348.775077902
732 165091.094448892
734 129879.77006196
739 138992.979612955
742 127873.616443909
744 149009.660743815
749 224146.656890044
751 95568.8479347708
754 274196.796907396
757 218115.760831638
760 296843.252648623
761 101130.720980789
762 115155.565923821
764 296042.005932507
767 188620.382736815
769 246640.815536384
771 138552.755470395
777 255039.65357043
779 176769.507975042
781 170558.710870825
784 153942.49285526
785 110332.067094829
786 153715.827679182
791 172194.891169556
792 144867.982735552
804 415009.33622687
807 125362.676222244
817 112908.652635277
822 116737.323271917
824 120090.417942248
829 193989.506376664
833 222440.618052052
834 164192.278538564
838 115831.48808509
839 160604.086820259
842 135917.186075815
844 151027.673124575
860 254578.178321801
864 143563.05932851
865 203401.810403324
867 260274.556899094
878 289189.357450126
885 116112.748278063
892 170631.246756139
893 140788.847187173
894 138983.186131613
895 140462.157909857
903 180676.637794341
910 180078.59096212
913 106634.373348871
928 177579.36590196
930 248588.315432941
933 285814.247413022
935 200010.924971937
937 183558.410181633
938 248774.810557927
940 175144.900999207
943 143822.459772625
944 183485.591402308
945 137386.217430578
949 206521.199162701
955 113063.204553352
956 160456.062622695
958 131919.90305559
961 112430.193438849
970 111323.710902405
975 147749.710101891
977 76713.3351588651
979 103860.597706582
980 135499.38645304
987 127267.805088476
993 181078.490870308
995 260545.554738449
996 114082.536057541
1002 86038.2080075798
1005 204019.89572343
1013 129847.48303974
1027 141589.313295444
1029 115832.118142812
1036 94208.7765913381
1043 201096.576259284
1048 164610.121380232
1054 170484.573656769
1055 235096.035225335
1066 252956.647096138
1074 150640.201303431
1077 149452.953554656
1082 122523.139329199
1088 280626.645068673
1091 94240.9120508494
1097 106729.477514043
1098 151709.837478078
1100 177540.747300985
1103 140743.502988711
1104 130098.383245625
1108 222771.520748376
1114 133898.168625988
1115 124435.826347218
1116 278672.747652277
1118 140097.333888427
1120 118645.519599739
1121 103691.847079011
1129 216678.845555602
1130 147325.459354333
1131 149194.245635009
1138 79658.6570488877
1142 178264.34163075
1144 101733.48999371
1153 191248.978999922
1168 197659.255542847
1174 236293.638023093
1175 167104.026412778
1180 87508.2218039961
1184 117032.897404981
1191 226526.916366262
1197 230817.350414833
1202 204911.68168559
1208 232426.784180172
1210 229173.937625332
1212 190246.724985944
1215 117761.085956035
1216 119584.768962946
1223 147545.980514101
1224 208287.020084636
1230 145946.269556138
1231 261142.351905865
1234 139091.588609357
1239 176703.143810695
1246 193988.398808833
1247 200884.061161759
1249 136072.87904177
1250 107376.770530932
1251 227541.988669246
1253 115643.719518998
1255 189506.923446047
1257 266870.714743395
1258 78989.8694906821
1259 165620.644064547
1261 195372.397004431
1265 190427.198861015
1278 190012.341925724
1283 158720.987458083
1284 143917.223336199
1286 118531.674569487
1301 219693.715336679
1303 297581.768331044
1305 198810.275242827
1306 258953.530685226
1311 231136.009201006
1313 321827.166288109
1316 196343.095081363
1322 85509.0460303494
1328 133388.4664383
1333 97609.4714048335
1347 240097.86035317
1349 202322.840112224
1354 404824.487865075
1358 160154.40755593
1359 183536.635437314
1362 208731.750361241
1366 207381.786553118
1367 210276.23786846
1368 148945.217768412
1371 106479.868974117
1372 168622.236426675
1373 239026.862269784
1374 396433.730649501
1375 267246.958169766
1377 91085.6802142898
1381 88000.2122819696
1382 203596.63451083
1392 193825.348585125
1397 142373.632531092
1404 230769.370339071
1407 129418.15681267
1409 105674.450883562
1413 99475.7551083768
1419 130289.713904206
1425 149643.893138186
1429 111584.605193304
1434 203416.335506586
1437 127344.033342311
1439 177280.04106616
1441 192609.257842577
1455 177681.280976222
1458 206511.896670156
1459 132607.266921446
